[Header]
TITLE,MPMS RSO Measurement
BYAPP,MPMS Measurement,1.1,Summary
FILEOPENTIME, 1773240317.631000 3/11/2026, 3:45:17 PM

INFO, APPNAME, MPMS MultiVu Application, Revision 1.61,  Build 082

INFO, NAME, SSN095
INFO, WEIGHT, 0.000
INFO, AREA, 0.000
INFO, LENGTH, 0.000
INFO, SHAPE, 0
INFO, COMMENT, IP
INFO, SEQUENCE FILE: Seq_SSN095_300K_IP.seq


INFO, BACKGROUND DATA FILE:, None


STARTUPAXIS,X,4,LINEAR,AUTO,0.000000,0.000000
STARTUPAXIS,Y1,5,LINEAR,AUTO,0.000000,0.000000


STARTUPGROUP,Longitudinal
FIELDGROUP,Longitudinal,1,2,3,4,5,6,7,8,9,10,11,19,20,21,22,23,35
FIELDGROUP,Transverse,1,2,3,4,12,13,14,15,16,17,18,24,25,26,27,28,35

PLOT_APPEARANCE,ALL,HORZ_GRID_ON,VERT_GRID_ON,MARKERS_AND_LINES

[Data]
Time,Comment,Field (Oe),Temperature (K),Long Moment (emu),Long Scan Std Dev,Long Offset (cm),Long Offset Std Dev,Long Algorithm,Long Reg Fit,Long Reg Factor,Trans Moment (emu),Trans Scan Std Dev,Trans Offset (cm),Trans Offset Std Dev,Trans Algorithm,Trans Reg Fit,Trans Reg Factor,Long Moment [w/o ABS] (emu),Long Scan Std Dev [w/o ABS],Long Offset [w/o ABS] (cm),Long Offset Std Dev [w/o ABS],Long Reg Fit [w/o ABS],Trans Moment [w/o ABS] (emu),Trans Scan Std Dev [w/o ABS],Trans Offset [w/o ABS] (cm),Trans Offset Std Dev [w/o ABS],Trans Reg Fit [w/o ABS],RSO Position (deg),Amplitude (cm),Frequency,Cycles to Average,Scans per Measurement,Delta Temp (K),Error,EC Comp. Running,Using ABS,
1773240317.630,,1.000000e+004,2.999865e+002,3.916664e-005,0.000000e+000,-1.681352e-001,0.000000e+000,3,2.803209e-001,1.825000e+000,,,,,,,,,,,,,,,,,,0,4.000000e+000,1.000000e+000,5,1,8.605957e-003,0,,0,
1773240426.787,,9.500000e+003,2.999952e+002,4.362096e-005,0.000000e+000,-1.331217e-001,0.000000e+000,3,3.539858e-001,1.825000e+000,,,,,,,,,,,,,,,,,,0,4.000000e+000,1.000000e+000,5,1,8.697510e-003,0,,0,
1773240545.719,,9.000000e+003,3.000082e+002,4.395919e-005,0.000000e+000,-5.876894e-002,0.000000e+000,3,9.255492e-001,1.825000e+000,,,,,,,,,,,,,,,,,,0,4.000000e+000,1.000000e+000,5,1,0.000000e+000,0,,0,
1773240649.661,,8.500000e+003,3.000082e+002,4.871566e-005,0.000000e+000,-4.870649e-002,0.000000e+000,3,9.334663e-001,1.825000e+000,,,,,,,,,,,,,,,,,,0,4.000000e+000,1.000000e+000,5,1,0.000000e+000,0,,0,
1773240753.959,,8.000000e+003,3.000082e+002,5.361803e-005,0.000000e+000,-4.129679e-002,0.000000e+000,3,9.409990e-001,1.825000e+000,,,,,,,,,,,,,,,,,,0,4.000000e+000,1.000000e+000,5,1,0.000000e+000,0,,0,
1773240858.371,,7.500000e+003,2.999952e+002,5.857676e-005,0.000000e+000,-3.372073e-002,0.000000e+000,3,9.449906e-001,1.825000e+000,,,,,,,,,,,,,,,,,,0,4.000000e+000,1.000000e+000,5,1,8.697510e-003,0,,0,
1773240967.219,,7.000000e+003,2.999995e+002,6.318875e-005,0.000000e+000,-2.837252e-002,0.000000e+000,3,9.499909e-001,1.825000e+000,,,,,,,,,,,,,,,,,,0,4.000000e+000,1.000000e+000,5,1,0.000000e+000,0,,0,
1773241075.721,,6.500000e+003,3.000082e+002,6.813693e-005,0.000000e+000,-2.369430e-002,0.000000e+000,3,9.535358e-001,1.825000e+000,,,,,,,,,,,,,,,,,,0,4.000000e+000,1.000000e+000,5,1,0.000000e+000,0,,0,
1773241185.039,,6.000000e+003,3.000038e+002,7.281890e-005,0.000000e+000,-1.934120e-002,0.000000e+000,3,9.575270e-001,1.825000e+000,,,,,,,,,,,,,,,,,,0,4.000000e+000,1.000000e+000,5,1,8.697510e-003,0,,0,
1773241294.030,,5.500000e+003,3.000082e+002,7.768456e-005,0.000000e+000,-1.557010e-002,0.000000e+000,3,9.598868e-001,1.825000e+000,,,,,,,,,,,,,,,,,,0,4.000000e+000,1.000000e+000,5,1,0.000000e+000,0,,0,
1773241411.768,,5.000000e+003,3.000082e+002,8.252654e-005,0.000000e+000,-1.173261e-002,0.000000e+000,3,9.613156e-001,1.825000e+000,,,,,,,,,,,,,,,,,,0,4.000000e+000,1.000000e+000,5,1,0.000000e+000,0,,0,
1773241528.781,,4.500000e+003,2.999995e+002,8.721379e-005,0.000000e+000,-9.323664e-003,0.000000e+000,3,9.646337e-001,1.825000e+000,,,,,,,,,,,,,,,,,,0,4.000000e+000,1.000000e+000,5,1,0.000000e+000,0,,0,
1773241641.651,,4.000000e+003,2.999995e+002,9.239258e-005,0.000000e+000,-5.887985e-003,0.000000e+000,3,9.639181e-001,1.825000e+000,,,,,,,,,,,,,,,,,,0,4.000000e+000,1.000000e+000,5,1,0.000000e+000,0,,0,
1773241759.218,,3.500000e+003,2.999952e+002,9.681428e-005,0.000000e+000,-4.423849e-003,0.000000e+000,3,9.674976e-001,1.825000e+000,,,,,,,,,,,,,,,,,,0,4.000000e+000,1.000000e+000,5,1,8.697510e-003,0,,0,
1773241872.251,,3.000000e+003,3.000082e+002,1.016492e-004,0.000000e+000,-2.146939e-003,0.000000e+000,3,9.688647e-001,1.825000e+000,,,,,,,,,,,,,,,,,,0,4.000000e+000,1.000000e+000,5,1,0.000000e+000,0,,0,
1773241989.441,,2.500000e+003,3.000082e+002,1.064407e-004,0.000000e+000,-3.981469e-004,0.000000e+000,3,9.690958e-001,1.825000e+000,,,,,,,,,,,,,,,,,,0,4.000000e+000,1.000000e+000,5,1,0.000000e+000,0,,0,
1773242111.417,,2.000000e+003,3.000038e+002,1.112033e-004,0.000000e+000,1.599369e-003,0.000000e+000,3,9.717048e-001,1.825000e+000,,,,,,,,,,,,,,,,,,0,4.000000e+000,1.000000e+000,5,1,8.697510e-003,0,,0,
1773242232.736,,1.500000e+003,2.999995e+002,1.162003e-004,0.000000e+000,4.022529e-003,0.000000e+000,3,9.688718e-001,1.825000e+000,,,,,,,,,,,,,,,,,,0,4.000000e+000,1.000000e+000,5,1,0.000000e+000,0,,0,
1773242344.460,,1.000000e+003,3.000038e+002,1.210707e-004,0.000000e+000,5.468790e-003,0.000000e+000,3,9.703486e-001,1.825000e+000,,,,,,,,,,,,,,,,,,0,4.000000e+000,1.000000e+000,5,1,8.697510e-003,0,,0,
1773242461.840,,5.000000e+002,3.000038e+002,1.255328e-004,0.000000e+000,6.492937e-003,0.000000e+000,3,9.703962e-001,1.825000e+000,,,,,,,,,,,,,,,,,,0,4.000000e+000,1.000000e+000,5,1,8.697510e-003,0,,0,
1773242583.144,,0.000000e+000,3.000082e+002,2.463974e-005,0.000000e+000,-1.951180e-001,0.000000e+000,3,8.858015e-001,1.825000e+000,,,,,,,,,,,,,,,,,,0,4.000000e+000,1.000000e+000,5,1,0.000000e+000,0,,0,
1773242703.885,,-5.000000e+002,3.000038e+002,-1.263955e-004,0.000000e+000,1.729200e-003,0.000000e+000,3,9.727907e-001,1.825000e+000,,,,,,,,,,,,,,,,,,0,4.000000e+000,1.000000e+000,5,1,8.697510e-003,0,,0,
1773242816.564,,-1.000000e+003,2.999995e+002,-1.219088e-004,0.000000e+000,3.612105e-004,0.000000e+000,3,9.754873e-001,1.825000e+000,,,,,,,,,,,,,,,,,,0,4.000000e+000,1.000000e+000,5,1,0.000000e+000,0,,0,
1773242933.046,,-1.500000e+003,3.000038e+002,-1.169030e-004,0.000000e+000,-8.314125e-004,0.000000e+000,3,9.775904e-001,1.825000e+000,,,,,,,,,,,,,,,,,,0,4.000000e+000,1.000000e+000,5,1,8.697510e-003,0,,0,
1773243050.436,,-2.000000e+003,2.999995e+002,-1.126570e-004,0.000000e+000,-6.248401e-004,0.000000e+000,3,9.696755e-001,1.825000e+000,,,,,,,,,,,,,,,,,,0,4.000000e+000,1.000000e+000,5,1,0.000000e+000,0,,0,
1773243167.735,,-2.500000e+003,3.000038e+002,-1.076297e-004,0.000000e+000,-4.948619e-003,0.000000e+000,3,9.736937e-001,1.825000e+000,,,,,,,,,,,,,,,,,,0,4.000000e+000,1.000000e+000,5,1,8.697510e-003,0,,0,
1773243284.517,,-3.000000e+003,2.999995e+002,-1.027895e-004,0.000000e+000,-6.177657e-003,0.000000e+000,3,9.736275e-001,1.825000e+000,,,,,,,,,,,,,,,,,,0,4.000000e+000,1.000000e+000,5,1,0.000000e+000,0,,0,
1773243397.208,,-3.500000e+003,3.000038e+002,-9.799399e-005,0.000000e+000,-8.854107e-003,0.000000e+000,3,9.705748e-001,1.825000e+000,,,,,,,,,,,,,,,,,,0,4.000000e+000,1.000000e+000,5,1,8.697510e-003,0,,0,
1773243519.236,,-4.000000e+003,3.000082e+002,-9.314720e-005,0.000000e+000,-1.062318e-002,0.000000e+000,3,9.702457e-001,1.825000e+000,,,,,,,,,,,,,,,,,,0,4.000000e+000,1.000000e+000,5,1,0.000000e+000,0,,0,
1773243631.828,,-4.500000e+003,2.999995e+002,-8.826148e-005,0.000000e+000,-1.428084e-002,0.000000e+000,3,9.660713e-001,1.825000e+000,,,,,,,,,,,,,,,,,,0,4.000000e+000,1.000000e+000,5,1,0.000000e+000,0,,0,
1773243744.789,,-5.000000e+003,2.999995e+002,-8.359191e-005,0.000000e+000,-1.703267e-002,0.000000e+000,3,9.656709e-001,1.825000e+000,,,,,,,,,,,,,,,,,,0,4.000000e+000,1.000000e+000,5,1,0.000000e+000,0,,0,
1773243848.667,,-5.500000e+003,3.000082e+002,-7.872178e-005,0.000000e+000,-2.043049e-002,0.000000e+000,3,9.606573e-001,1.825000e+000,,,,,,,,,,,,,,,,,,0,4.000000e+000,1.000000e+000,5,1,0.000000e+000,0,,0,
1773243957.057,,-6.000000e+003,2.999995e+002,-7.411512e-005,0.000000e+000,-2.347488e-002,0.000000e+000,3,9.619284e-001,1.825000e+000,,,,,,,,,,,,,,,,,,0,4.000000e+000,1.000000e+000,5,1,0.000000e+000,0,,0,
1773244066.362,,-6.500000e+003,2.999995e+002,-6.933493e-005,0.000000e+000,-2.704498e-002,0.000000e+000,3,9.627764e-001,1.825000e+000,,,,,,,,,,,,,,,,,,0,4.000000e+000,1.000000e+000,5,1,0.000000e+000,0,,0,
1773244175.550,,-7.000000e+003,2.999952e+002,-6.437326e-005,0.000000e+000,-3.249662e-002,0.000000e+000,3,9.551412e-001,1.825000e+000,,,,,,,,,,,,,,,,,,0,4.000000e+000,1.000000e+000,5,1,8.697510e-003,0,,0,
1773244279.900,,-7.500000e+003,2.999995e+002,-5.970588e-005,0.000000e+000,-3.778641e-002,0.000000e+000,3,9.567523e-001,1.825000e+000,,,,,,,,,,,,,,,,,,0,4.000000e+000,1.000000e+000,5,1,0.000000e+000,0,,0,
1773244389.251,,-8.000000e+003,3.000038e+002,-5.475113e-005,0.000000e+000,-4.438140e-002,0.000000e+000,3,9.462757e-001,1.825000e+000,,,,,,,,,,,,,,,,,,0,4.000000e+000,1.000000e+000,5,1,8.697510e-003,0,,0,
1773244494.331,,-8.500000e+003,3.000038e+002,-4.993614e-005,0.000000e+000,-5.247577e-002,0.000000e+000,3,9.416012e-001,1.825000e+000,,,,,,,,,,,,,,,,,,0,4.000000e+000,1.000000e+000,5,1,8.697510e-003,0,,0,
1773244604.088,,-9.000000e+003,3.000038e+002,-4.524238e-005,0.000000e+000,-6.172707e-002,0.000000e+000,3,9.316535e-001,1.825000e+000,,,,,,,,,,,,,,,,,,0,4.000000e+000,1.000000e+000,5,1,8.697510e-003,0,,0,
1773244732.622,,-9.500000e+003,2.999995e+002,-4.056204e-005,0.000000e+000,-7.138196e-002,0.000000e+000,3,9.324339e-001,1.825000e+000,,,,,,,,,,,,,,,,,,0,4.000000e+000,1.000000e+000,5,1,0.000000e+000,0,,0,
1773244838.322,,-1.000000e+004,2.999952e+002,-3.584210e-005,0.000000e+000,-8.613269e-002,0.000000e+000,3,9.231753e-001,1.825000e+000,,,,,,,,,,,,,,,,,,0,4.000000e+000,1.000000e+000,5,1,8.697510e-003,0,,0,
1773244858.891,,-1.000000e+004,3.000082e+002,-3.587403e-005,0.000000e+000,-8.581220e-002,0.000000e+000,3,9.293122e-001,1.825000e+000,,,,,,,,,,,,,,,,,,0,4.000000e+000,1.000000e+000,5,1,0.000000e+000,0,,0,
1773244973.121,,-9.500000e+003,3.000082e+002,-4.064876e-005,0.000000e+000,-7.122545e-002,0.000000e+000,3,9.377406e-001,1.825000e+000,,,,,,,,,,,,,,,,,,0,4.000000e+000,1.000000e+000,5,1,0.000000e+000,0,,0,
1773245077.630,,-9.000000e+003,2.999995e+002,-4.530156e-005,0.000000e+000,-6.117837e-002,0.000000e+000,3,9.371240e-001,1.825000e+000,,,,,,,,,,,,,,,,,,0,4.000000e+000,1.000000e+000,5,1,0.000000e+000,0,,0,
1773245182.534,,-8.500000e+003,3.000038e+002,-5.007856e-005,0.000000e+000,-5.164359e-002,0.000000e+000,3,9.458147e-001,1.825000e+000,,,,,,,,,,,,,,,,,,0,4.000000e+000,1.000000e+000,5,1,8.697510e-003,0,,0,
1773245296.533,,-8.000000e+003,2.999995e+002,-5.493469e-005,0.000000e+000,-4.374435e-002,0.000000e+000,3,9.587891e-001,1.825000e+000,,,,,,,,,,,,,,,,,,0,4.000000e+000,1.000000e+000,5,1,0.000000e+000,0,,0,
1773245410.522,,-7.500000e+003,3.000038e+002,-5.976270e-005,0.000000e+000,-3.723427e-002,0.000000e+000,3,9.604178e-001,1.825000e+000,,,,,,,,,,,,,,,,,,0,4.000000e+000,1.000000e+000,5,1,8.697510e-003,0,,0,
1773245519.105,,-7.000000e+003,3.000082e+002,-6.440177e-005,0.000000e+000,-3.271082e-002,0.000000e+000,3,9.550236e-001,1.825000e+000,,,,,,,,,,,,,,,,,,0,4.000000e+000,1.000000e+000,5,1,0.000000e+000,0,,0,
1773245629.165,,-6.500000e+003,2.999995e+002,-6.932355e-005,0.000000e+000,-2.749378e-002,0.000000e+000,3,9.611237e-001,1.825000e+000,,,,,,,,,,,,,,,,,,0,4.000000e+000,1.000000e+000,5,1,0.000000e+000,0,,0,
1773245737.815,,-6.000000e+003,3.000082e+002,-7.422650e-005,0.000000e+000,-2.336641e-002,0.000000e+000,3,9.647350e-001,1.825000e+000,,,,,,,,,,,,,,,,,,0,4.000000e+000,1.000000e+000,5,1,0.000000e+000,0,,0,
1773245846.105,,-5.500000e+003,2.999995e+002,-7.903338e-005,0.000000e+000,-1.919926e-002,0.000000e+000,3,9.699296e-001,1.825000e+000,,,,,,,,,,,,,,,,,,0,4.000000e+000,1.000000e+000,5,1,0.000000e+000,0,,0,
1773245968.627,,-5.000000e+003,3.000038e+002,-8.371890e-005,0.000000e+000,-1.627886e-002,0.000000e+000,3,9.704386e-001,1.825000e+000,,,,,,,,,,,,,,,,,,0,4.000000e+000,1.000000e+000,5,1,8.697510e-003,0,,0,
1773246082.544,,-4.500000e+003,3.000038e+002,-8.839940e-005,0.000000e+000,-1.372670e-002,0.000000e+000,3,9.681034e-001,1.825000e+000,,,,,,,,,,,,,,,,,,0,4.000000e+000,1.000000e+000,5,1,8.697510e-003,0,,0,
1773246200.033,,-4.000000e+003,2.999995e+002,-9.313520e-005,0.000000e+000,-1.162992e-002,0.000000e+000,3,9.689087e-001,1.825000e+000,,,,,,,,,,,,,,,,,,0,4.000000e+000,1.000000e+000,5,1,0.000000e+000,0,,0,
1773246316.977,,-3.500000e+003,3.000038e+002,-9.806103e-005,0.000000e+000,-8.694007e-003,0.000000e+000,3,9.704179e-001,1.825000e+000,,,,,,,,,,,,,,,,,,0,4.000000e+000,1.000000e+000,5,1,8.697510e-003,0,,0,
1773246434.146,,-3.000000e+003,3.000038e+002,-1.027983e-004,0.000000e+000,-6.987119e-003,0.000000e+000,3,9.710236e-001,1.825000e+000,,,,,,,,,,,,,,,,,,0,4.000000e+000,1.000000e+000,5,1,8.697510e-003,0,,0,
1773246552.266,,-2.500000e+003,2.999995e+002,-1.077126e-004,0.000000e+000,-4.269384e-003,0.000000e+000,3,9.755815e-001,1.825000e+000,,,,,,,,,,,,,,,,,,0,4.000000e+000,1.000000e+000,5,1,0.000000e+000,0,,0,
1773246669.551,,-2.000000e+003,3.000038e+002,-1.125816e-004,0.000000e+000,-2.734596e-003,0.000000e+000,3,9.746211e-001,1.825000e+000,,,,,,,,,,,,,,,,,,0,4.000000e+000,1.000000e+000,5,1,8.697510e-003,0,,0,
1773246781.867,,-1.500000e+003,3.000082e+002,-1.173769e-004,0.000000e+000,-8.080041e-004,0.000000e+000,3,9.776459e-001,1.825000e+000,,,,,,,,,,,,,,,,,,0,4.000000e+000,1.000000e+000,5,1,0.000000e+000,0,,0,
1773246898.687,,-1.000000e+003,3.000082e+002,-1.219255e-004,0.000000e+000,7.521741e-004,0.000000e+000,3,9.748017e-001,1.825000e+000,,,,,,,,,,,,,,,,,,0,4.000000e+000,1.000000e+000,5,1,0.000000e+000,0,,0,
1773247020.455,,-5.000000e+002,3.000082e+002,-1.266315e-004,0.000000e+000,2.157254e-003,0.000000e+000,3,9.752946e-001,1.825000e+000,,,,,,,,,,,,,,,,,,0,4.000000e+000,1.000000e+000,5,1,0.000000e+000,0,,0,
1773247141.987,,0.000000e+000,3.000038e+002,-6.694232e-005,0.000000e+000,-1.126246e-002,0.000000e+000,3,9.526414e-001,1.825000e+000,,,,,,,,,,,,,,,,,,0,4.000000e+000,1.000000e+000,5,1,8.697510e-003,0,,0,
1773247249.849,,5.000000e+002,3.000082e+002,1.253662e-004,0.000000e+000,7.509484e-003,0.000000e+000,3,9.716886e-001,1.825000e+000,,,,,,,,,,,,,,,,,,0,4.000000e+000,1.000000e+000,5,1,0.000000e+000,0,,0,
1773247365.959,,1.000000e+003,3.000082e+002,1.209842e-004,0.000000e+000,6.677556e-003,0.000000e+000,3,9.706286e-001,1.825000e+000,,,,,,,,,,,,,,,,,,0,4.000000e+000,1.000000e+000,5,1,0.000000e+000,0,,0,
1773247478.830,,1.500000e+003,2.999995e+002,1.157503e-004,0.000000e+000,5.024169e-003,0.000000e+000,3,9.706751e-001,1.825000e+000,,,,,,,,,,,,,,,,,,0,4.000000e+000,1.000000e+000,5,1,0.000000e+000,0,,0,
1773247595.707,,2.000000e+003,3.000082e+002,1.107284e-004,0.000000e+000,1.686529e-003,0.000000e+000,3,9.793528e-001,1.825000e+000,,,,,,,,,,,,,,,,,,0,4.000000e+000,1.000000e+000,5,1,0.000000e+000,0,,0,
1773247712.410,,2.500000e+003,3.000082e+002,1.065563e-004,0.000000e+000,2.413551e-003,0.000000e+000,3,9.672581e-001,1.825000e+000,,,,,,,,,,,,,,,,,,0,4.000000e+000,1.000000e+000,5,1,0.000000e+000,0,,0,
1773247834.402,,3.000000e+003,2.999995e+002,1.015669e-004,0.000000e+000,2.586824e-004,0.000000e+000,3,9.677537e-001,1.825000e+000,,,,,,,,,,,,,,,,,,0,4.000000e+000,1.000000e+000,5,1,0.000000e+000,0,,0,
1773247952.528,,3.500000e+003,2.999995e+002,9.672195e-005,0.000000e+000,-1.536134e-003,0.000000e+000,3,9.659397e-001,1.825000e+000,,,,,,,,,,,,,,,,,,0,4.000000e+000,1.000000e+000,5,1,0.000000e+000,0,,0,
1773248066.471,,4.000000e+003,3.000038e+002,9.213342e-005,0.000000e+000,-3.059528e-003,0.000000e+000,3,9.648766e-001,1.825000e+000,,,,,,,,,,,,,,,,,,0,4.000000e+000,1.000000e+000,5,1,8.697510e-003,0,,0,
1773248178.860,,4.500000e+003,3.000168e+002,8.722933e-005,0.000000e+000,-5.922732e-003,0.000000e+000,3,9.645633e-001,1.825000e+000,,,,,,,,,,,,,,,,,,0,4.000000e+000,1.000000e+000,5,1,0.000000e+000,0,,0,
1773248301.072,,5.000000e+003,3.000038e+002,8.227735e-005,0.000000e+000,-9.008365e-003,0.000000e+000,3,9.631849e-001,1.825000e+000,,,,,,,,,,,,,,,,,,0,4.000000e+000,1.000000e+000,5,1,8.697510e-003,0,,0,
1773248406.127,,5.500000e+003,3.000038e+002,7.777298e-005,0.000000e+000,-1.121863e-002,0.000000e+000,3,9.594705e-001,1.825000e+000,,,,,,,,,,,,,,,,,,0,4.000000e+000,1.000000e+000,5,1,8.697510e-003,0,,0,
1773248524.168,,6.000000e+003,3.000038e+002,7.288054e-005,0.000000e+000,-1.444415e-002,0.000000e+000,3,9.565491e-001,1.825000e+000,,,,,,,,,,,,,,,,,,0,4.000000e+000,1.000000e+000,5,1,8.697510e-003,0,,0,
1773248632.938,,6.500000e+003,3.000038e+002,6.834685e-005,0.000000e+000,-1.750130e-002,0.000000e+000,3,9.519650e-001,1.825000e+000,,,,,,,,,,,,,,,,,,0,4.000000e+000,1.000000e+000,5,1,8.697510e-003,0,,0,
1773248747.112,,7.000000e+003,2.999995e+002,6.344475e-005,0.000000e+000,-2.187108e-002,0.000000e+000,3,9.512272e-001,1.825000e+000,,,,,,,,,,,,,,,,,,0,4.000000e+000,1.000000e+000,5,1,0.000000e+000,0,,0,
1773248856.293,,7.500000e+003,2.999995e+002,5.843083e-005,0.000000e+000,-2.715349e-002,0.000000e+000,3,9.452465e-001,1.825000e+000,,,,,,,,,,,,,,,,,,0,4.000000e+000,1.000000e+000,5,1,0.000000e+000,0,,0,
1773248969.763,,8.000000e+003,3.000038e+002,5.366603e-005,0.000000e+000,-3.260220e-002,0.000000e+000,3,9.403899e-001,1.825000e+000,,,,,,,,,,,,,,,,,,0,4.000000e+000,1.000000e+000,5,1,8.697510e-003,0,,0,
1773249079.291,,8.500000e+003,3.000038e+002,4.904279e-005,0.000000e+000,-3.846023e-002,0.000000e+000,3,9.336635e-001,1.825000e+000,,,,,,,,,,,,,,,,,,0,4.000000e+000,1.000000e+000,5,1,8.697510e-003,0,,0,
1773249193.093,,9.000000e+003,3.000082e+002,4.405902e-005,0.000000e+000,-4.767640e-002,0.000000e+000,3,9.247817e-001,1.825000e+000,,,,,,,,,,,,,,,,,,0,4.000000e+000,1.000000e+000,5,1,0.000000e+000,0,,0,
1773249302.176,,9.500000e+003,2.999995e+002,3.913018e-005,0.000000e+000,-5.899424e-002,0.000000e+000,3,9.149151e-001,1.825000e+000,,,,,,,,,,,,,,,,,,0,4.000000e+000,1.000000e+000,5,1,0.000000e+000,0,,0,
1773249408.654,,1.000000e+004,3.000038e+002,3.464341e-005,0.000000e+000,-7.022901e-002,0.000000e+000,3,9.016488e-001,1.825000e+000,,,,,,,,,,,,,,,,,,0,4.000000e+000,1.000000e+000,5,1,8.697510e-003,0,,0,
